S,1,2,1,1,1,1,1,1,2,1,3,0,1,-1,-1,1,-23,0,200,400,500,1000,0,0,1,3,4,5,0,200,400,500,1000,0,0,0,1,3,5,0,200,400,500,1000,0,0,1,3,4,5,0,200,400,500,1000,0,0,1,3,4,5,0,200,400,500,1000,3,3,4,4,4,5,0,200,400,500,1000,1,2,2,3,3,5,-1,0,5000,0,-1,5000,5000,0,-1
AF,1,9,8,3,4,4,8,8,7,-18,-20,-24,-22,-21,-21,-21,-21,8,8,8,10,25,25,25,25,100,100,100,100,100,100,100,100,0,8,3,1,6,-5,10,150,0
AFH,1,120,0
AFA,1,1,200,200,5,1,700,300,-13,1,900,300,-7,1,2500,1500,-13,1,5500,1200,-2,1,400,200,3,1,6100,800,-10,1,7800,2000,4,1,10000,1500,5,1,2000,2000,-2
AL,1,5,6,4,-1,0,1,1,3,1,4,4,4,-10,-10,-14,-20,-18,-12,-12,-10,-13,-9,-9,-12,8,8,8,8,10,25,25,25,25,25,25,25,100,100,100,100,100,100,100,100,100,100,100,100,5,0,1,2,-2,10,150,0,-17,230,230,120,120,2,0,4,0,2,0,4,0,-10,-20,25,150,-1,300
ALH,1,140,0
ALA,1,1,200,200,5,1,700,300,-14,1,900,300,-7,1,2500,1500,-14,1,4400,400,-3,1,5500,600,-2,1,6100,800,-12,1,7800,2000,1,1,10000,1000,3,0,11000,2000,4
AHA,1,70,0
AHB,1,70,0
AHC,1,140,0
AHD,1,140,0
AHE,1,140,0

AMA,0,1,7,8,7,1,0,0,1,6,4,7,7,7,-10,-10,-14,-20,-18,-12,-12,-10,-13,-9,-9,-12,8,8,8,8,10,25,25,25,25,25,25,25,100,100,100,100,100,100,100,100,100,100,100,100,7,0,1,3,-2,10,150,0,230,230,120,120,2,0,4,0,2,0,4,0,-10,-20,25,150,-1,300
AMB,1,1,7,8,7,1,0,0,1,6,4,7,7,7,-10,-10,-14,-20,-18,-12,-12,-10,-13,-9,-9,-12,8,8,8,8,10,25,25,25,25,25,25,25,100,100,100,100,100,100,100,100,100,100,100,100,7,0,1,3,-2,10,150,0,230,230,120,120,2,0,4,0,2,0,4,0,-10,-20,25,150,-1,300
AMC,2,1,6,7,6,0,0,1,1,5,3,6,6,6,-10,-10,-14,-20,-18,-12,-12,-10,-13,-9,-9,-12,8,8,8,8,10,25,25,25,25,25,25,25,100,100,100,100,100,100,100,100,100,100,100,100,7,0,1,2,-2,10,150,0,230,230,120,120,2,0,4,0,2,0,4,0,-10,-20,25,150,-1,300
AMD,3,1,6,7,5,0,0,1,1,4,2,5,5,5,-10,-10,-14,-20,-18,-12,-12,-10,-13,-9,-9,-12,8,8,8,8,10,25,25,25,25,25,25,25,100,100,100,100,100,100,100,100,100,100,100,100,6,0,1,2,-2,10,150,0,230,230,120,120,2,0,4,0,2,0,4,0,-10,-20,25,150,-1,300
AME,4,1,5,6,4,-1,0,1,1,3,1,4,4,4,-10,-10,-14,-20,-18,-12,-12,-10,-13,-9,-9,-12,8,8,8,8,10,25,25,25,25,25,25,25,100,100,100,100,100,100,100,100,100,100,100,100,5,0,1,2,-2,10,150,0,230,230,120,120,2,0,4,0,2,0,4,0,-10,-20,25,150,-1,300

APA,0,1,7,8,7,1,0,0,1,6,4,7,7,7,-10,-10,-14,-20,-18,-12,-12,-10,-13,-9,-9,-12,8,8,8,8,10,25,25,25,25,25,25,25,100,100,100,100,100,100,100,100,100,100,100,100,7,0,1,3,-2,10,150,0,230,230,120,120,2,0,4,0,2,0,4,0,-10,-20,25,150,-1,300
APB,1,1,7,8,7,1,0,0,1,6,4,7,7,7,-10,-10,-14,-20,-18,-12,-12,-10,-13,-9,-9,-12,8,8,8,8,10,25,25,25,25,25,25,25,100,100,100,100,100,100,100,100,100,100,100,100,7,0,1,3,-2,10,150,0,230,230,120,120,2,0,4,0,2,0,4,0,-10,-20,25,150,-1,300
APC,2,1,6,7,6,0,0,1,1,5,3,6,6,6,-10,-10,-14,-20,-18,-12,-12,-10,-13,-9,-9,-12,8,8,8,8,10,25,25,25,25,25,25,25,100,100,100,100,100,100,100,100,100,100,100,100,7,0,1,2,-2,10,150,0,230,230,120,120,2,0,4,0,2,0,4,0,-10,-20,25,150,-1,300
APD,3,1,6,7,5,0,0,1,1,4,2,5,5,5,-10,-10,-14,-20,-18,-12,-12,-10,-13,-9,-9,-12,8,8,8,8,10,25,25,25,25,25,25,25,100,100,100,100,100,100,100,100,100,100,100,100,6,0,1,2,-2,10,150,0,230,230,120,120,2,0,4,0,2,0,4,0,-10,-20,25,150,-1,300
APE,4,1,5,6,4,-1,0,1,1,3,1,4,4,4,-10,-10,-18,-25,-24,-14,-12,-10,-13,-9,-9,-12,8,8,8,8,10,25,25,25,25,25,25,25,100,100,100,100,100,100,100,100,100,100,100,100,5,0,1,2,-2,10,150,0,230,230,120,120,2,0,4,0,2,0,4,0,-10,-20,25,150,-1,300

AVA,0,1,5,6,6,3,4,4,5,8,5,6,5,5,-10,-10,-14,-20,-18,-12,-12,-10,-13,-9,-9,-12,8,8,8,8,10,25,25,25,25,25,25,25,100,100,100,100,100,100,100,100,100,100,100,100,8,0,1,4,-2,10,150,0,230,230,120,120,2,0,4,0,2,0,4,0,-10,-20,25,150,-1,300
AVB,1,1,5,6,6,3,4,4,5,8,5,6,5,5,-10,-10,-14,-20,-18,-12,-12,-10,-13,-9,-9,-12,8,8,8,8,10,25,25,25,25,25,25,25,100,100,100,100,100,100,100,100,100,100,100,100,8,0,1,4,-2,10,150,0,230,230,120,120,2,0,4,0,2,0,4,0,-10,-20,25,150,-1,300
AVC,2,1,4,5,5,2,4,5,5,7,4,5,4,4,-10,-10,-14,-20,-18,-12,-12,-10,-13,-9,-9,-12,8,8,8,8,10,25,25,25,25,25,25,25,100,100,100,100,100,100,100,100,100,100,100,100,8,0,1,3,-2,10,150,0,230,230,120,120,2,0,4,0,2,0,4,0,-10,-20,25,150,-1,300
AVD,3,1,4,5,4,2,4,5,5,6,3,4,3,3,-10,-10,-14,-20,-18,-12,-12,-10,-13,-9,-9,-12,8,8,8,8,10,25,25,25,25,25,25,25,100,100,100,100,100,100,100,100,100,100,100,100,7,0,1,3,-2,10,150,0,230,230,120,120,2,0,4,0,2,0,4,0,-10,-20,25,150,-1,300
AVE,4,1,3,4,3,1,4,5,5,5,2,3,2,2,-10,-10,-14,-20,-18,-12,-12,-10,-13,-9,-9,-12,8,8,8,8,10,25,25,25,25,25,25,25,100,100,100,100,100,100,100,100,100,100,100,100,6,0,1,3,-2,10,150,0,230,230,120,120,2,0,4,0,2,0,4,0,-10,-20,25,150,-1,300

AAA,1,1,200,200,8,1,700,300,-11,1,900,300,-6,1,2500,1500,-13,1,4400,400,-2,1,5500,600,-1,1,6100,800,-9,1,7800,2000,4,1,10000,1000,4,0,11000,2000,4
AAB,1,1,200,200,8,1,700,300,-11,1,900,300,-6,1,2500,1500,-13,1,4400,400,-2,1,5500,600,-1,1,6100,800,-9,1,7800,2000,4,1,10000,1000,4,0,11000,2000,4
AAC,1,1,200,200,7,1,700,300,-12,1,900,300,-6,1,2500,1500,-13,1,4400,400,-3,1,5500,600,-2,1,6100,800,-10,1,7800,2000,3,1,10000,1000,3,0,11000,2000,4
AAD,1,1,200,200,6,1,700,300,-13,1,900,300,-7,1,2500,1500,-13,1,4400,400,-3,1,5500,600,-2,1,6100,800,-11,1,7800,2000,2,1,10000,1000,3,0,11000,2000,4
AAE,1,1,200,200,5,1,700,300,-14,1,900,300,-7,1,2500,1500,-14,1,4400,400,-3,1,5500,600,-2,1,6100,800,-12,1,7800,2000,1,1,10000,1000,3,0,11000,2000,4

ABA,1,1,200,200,8,1,700,300,-11,1,900,300,-6,1,2500,1500,-13,1,4400,400,-2,1,5500,600,-1,1,6100,800,-9,1,7800,2000,4,1,10000,1000,4,0,11000,2000,4
ABB,1,1,200,200,8,1,700,300,-11,1,900,300,-6,1,2500,1500,-13,1,4400,400,-2,1,5500,600,-1,1,6100,800,-9,1,7800,2000,4,1,10000,1000,4,0,11000,2000,4
ABC,1,1,200,200,7,1,700,300,-12,1,900,300,-6,1,2500,1500,-13,1,4400,400,-3,1,5500,600,-2,1,6100,800,-10,1,7800,2000,3,1,10000,1000,3,0,11000,2000,4
ABD,1,1,200,200,6,1,700,300,-13,1,900,300,-7,1,2500,1500,-13,1,4400,400,-3,1,5500,600,-2,1,6100,800,-11,1,7800,2000,2,1,10000,1000,3,0,11000,2000,4
ABE,1,1,200,200,5,1,700,300,-14,1,900,300,-7,1,2500,1500,-14,1,4400,400,-3,1,5500,600,-2,1,6100,800,-12,1,7800,2000,1,1,10000,1000,3,0,11000,2000,4

ACA,1,1,200,200,8,1,700,300,-11,1,900,300,-6,1,2500,1500,-13,1,4400,400,-2,1,5500,600,-1,1,6100,800,-9,1,7800,2000,4,1,10000,1000,4,0,11000,2000,4
ACB,1,1,200,200,8,1,700,300,-11,1,900,300,-6,1,2500,1500,-13,1,4400,400,-2,1,5500,600,-1,1,6100,800,-9,1,7800,2000,4,1,10000,1000,4,0,11000,2000,4
ACC,1,1,200,200,7,1,700,300,-12,1,900,300,-6,1,2500,1500,-13,1,4400,400,-3,1,5500,600,-2,1,6100,800,-10,1,7800,2000,3,1,10000,1000,3,0,11000,2000,4
ACD,1,1,200,200,6,1,700,300,-13,1,900,300,-7,1,2500,1500,-13,1,4400,400,-3,1,5500,600,-2,1,6100,800,-11,1,7800,2000,2,1,10000,1000,3,0,11000,2000,4
ACE,1,1,200,200,5,1,700,300,-14,1,900,300,-7,1,2500,1500,-14,1,4400,400,-3,1,5500,600,-2,1,6100,800,-12,1,7800,2000,1,1,10000,1000,3,0,11000,2000,4

BF,1,9,8,4,3,5,8,9,7,-20,-20,-21,-22,-21,-21,-21,-21,8,8,8,10,20,20,20,20,120,120,120,120,120,120,120,120,0,8,3,1,6,-5,10,150,0
BFH,1,120,0
BFA,1,1,200,200,5,1,700,200,-11,1,900,400,-12,1,4000,2000,-3,1,3500,1000,-10,1,3800,600,-6,1,8900,800,-3,1,9800,800,-6,1,2500,1200,-2,1,300,200,3
BL,1,4,5,2,1,-1,2,1,-1,1,4,4,2,-10,-12,-15,-15,-16,-11,-14,-14,-15,-13,-12,-12,10,10,10,10,10,20,20,20,20,20,20,20,120,120,120,120,120,120,120,120,120,120,120,120,5,0,1,3,-2,10,150,0,0,230,230,120,120,2,0,4,0,2,0,4,0,-10,-20,25,150,-1,300
BLH,1,140,0
BLA,1,1,200,200,5,1,700,200,-13,1,900,400,-12,1,1340,400,-2,1,3500,1000,-12,1,3800,600,-6,1,5500,1000,-2,0,7150,2000,1,1,8900,800,-8,1,9800,800,-9
BHA,1,70,0
BHB,1,70,0
BHC,1,140,0
BHD,1,140,0
BHE,1,140,0

BMA,0,1,7,8,3,1,-1,1,0,1,4,7,7,5,-10,-12,-15,-15,-16,-11,-14,-14,-14,-13,-12,-12,10,10,10,10,10,20,20,20,20,20,20,20,120,120,120,120,120,120,120,120,120,120,120,120,7,0,1,3,-2,10,150,0,230,230,120,120,2,0,4,0,2,0,4,0,-10,-20,25,150,-1,300
BMB,1,1,7,8,3,1,-1,1,0,1,4,7,7,5,-10,-12,-15,-15,-16,-11,-14,-14,-14,-13,-12,-12,10,10,10,10,10,20,20,20,20,20,20,20,120,120,120,120,120,120,120,120,120,120,120,120,7,0,1,3,-2,10,150,0,230,230,120,120,2,0,4,0,2,0,4,0,-10,-20,25,150,-1,300
BMC,2,1,6,7,2,1,-1,2,1,0,3,6,6,4,-10,-12,-15,-15,-16,-11,-14,-14,-14,-13,-12,-12,10,10,10,10,10,20,20,20,20,20,20,20,120,120,120,120,120,120,120,120,120,120,120,120,7,0,1,3,-2,10,150,0,230,230,120,120,2,0,4,0,2,0,4,0,-10,-20,25,150,-1,300
BMD,3,1,5,6,2,1,-1,2,1,0,2,5,5,3,-10,-12,-15,-15,-16,-11,-14,-14,-14,-13,-12,-12,10,10,10,10,10,20,20,20,20,20,20,20,120,120,120,120,120,120,120,120,120,120,120,120,6,0,1,3,-2,10,150,0,230,230,120,120,2,0,4,0,2,0,4,0,-10,-20,25,150,-1,300
BME,4,1,4,5,2,1,-1,2,1,-1,1,4,4,2,-10,-12,-15,-15,-16,-11,-14,-14,-15,-13,-12,-12,10,10,10,10,10,20,20,20,20,20,20,20,120,120,120,120,120,120,120,120,120,120,120,120,5,0,1,3,-2,10,150,0,230,230,120,120,2,0,4,0,2,0,4,0,-10,-20,25,150,-1,300

BPA,0,1,7,8,3,1,-1,1,0,1,4,7,7,5,-10,-12,-15,-15,-16,-11,-14,-14,-14,-13,-12,-12,10,10,10,10,10,20,20,20,20,20,20,20,120,120,120,120,120,120,120,120,120,120,120,120,7,0,1,3,-2,10,150,0,230,230,120,120,2,0,4,0,2,0,4,0,-10,-20,25,150,-1,300
BPB,1,1,7,8,3,1,-1,1,0,1,4,7,7,5,-10,-12,-15,-15,-16,-11,-14,-14,-14,-13,-12,-12,10,10,10,10,10,20,20,20,20,20,20,20,120,120,120,120,120,120,120,120,120,120,120,120,7,0,1,3,-2,10,150,0,230,230,120,120,2,0,4,0,2,0,4,0,-10,-20,25,150,-1,300
BPC,2,1,6,7,2,1,-1,2,1,0,3,6,6,4,-10,-12,-15,-15,-16,-11,-14,-14,-14,-13,-12,-12,10,10,10,10,10,20,20,20,20,20,20,20,120,120,120,120,120,120,120,120,120,120,120,120,7,0,1,3,-2,10,150,0,230,230,120,120,2,0,4,0,2,0,4,0,-10,-20,25,150,-1,300
BPD,3,1,5,6,2,1,-1,2,1,0,2,5,5,3,-10,-12,-15,-15,-16,-11,-14,-14,-14,-13,-12,-12,10,10,10,10,10,20,20,20,20,20,20,20,120,120,120,120,120,120,120,120,120,120,120,120,6,0,1,3,-2,10,150,0,230,230,120,120,2,0,4,0,2,0,4,0,-10,-20,25,150,-1,300
BPE,4,1,4,5,2,1,-1,2,1,-1,1,4,4,2,-10,-12,-18,-19,-20,-13,-14,-14,-15,-13,-12,-12,10,10,10,10,10,20,20,20,20,20,20,20,120,120,120,120,120,120,120,120,120,120,120,120,5,0,1,3,-2,10,150,0,230,230,120,120,2,0,4,0,2,0,4,0,-10,-20,25,150,-1,300

BVA,0,1,5,6,2,3,3,5,4,3,5,6,5,3,-10,-12,-15,-15,-16,-11,-14,-14,-14,-13,-12,-12,10,10,10,10,10,20,20,20,20,20,20,20,120,120,120,120,120,120,120,120,120,120,120,120,8,0,1,4,-2,10,150,0,230,230,120,120,2,0,4,0,2,0,4,0,-10,-20,25,150,-1,300
BVB,1,1,5,6,2,3,3,5,4,3,5,6,5,3,-10,-12,-15,-15,-16,-11,-14,-14,-14,-13,-12,-12,10,10,10,10,10,20,20,20,20,20,20,20,120,120,120,120,120,120,120,120,120,120,120,120,8,0,1,4,-2,10,150,0,230,230,120,120,2,0,4,0,2,0,4,0,-10,-20,25,150,-1,300
BVC,2,1,4,5,1,3,3,6,5,2,4,5,4,2,-10,-12,-15,-15,-16,-11,-14,-14,-14,-13,-12,-12,10,10,10,10,10,20,20,20,20,20,20,20,120,120,120,120,120,120,120,120,120,120,120,120,8,0,1,4,-2,10,150,0,230,230,120,120,2,0,4,0,2,0,4,0,-10,-20,25,150,-1,300
BVD,3,1,3,4,1,3,3,6,5,2,3,4,3,1,-10,-12,-15,-15,-16,-11,-14,-14,-14,-13,-12,-12,10,10,10,10,10,20,20,20,20,20,20,20,120,120,120,120,120,120,120,120,120,120,120,120,7,0,1,4,-2,10,150,0,230,230,120,120,2,0,4,0,2,0,4,0,-10,-20,25,150,-1,300
BVE,4,1,2,3,1,3,3,6,5,1,2,3,2,0,-10,-12,-15,-15,-16,-11,-14,-14,-15,-13,-12,-12,10,10,10,10,10,20,20,20,20,20,20,20,120,120,120,120,120,120,120,120,120,120,120,120,6,0,1,4,-2,10,150,0,230,230,120,120,2,0,4,0,2,0,4,0,-10,-20,25,150,-1,300

BAA,1,1,200,200,7,1,700,200,-10,1,900,400,-9,1,1340,400,-1,1,3500,1000,-10,1,3800,600,-5,0,5500,1000,-2,1,7000,2500,3,1,8900,800,-5,1,9800,800,-6
BAB,1,1,200,200,7,1,700,200,-10,1,900,400,-9,1,1340,400,-1,1,3500,1000,-10,1,3800,600,-5,0,5500,1000,-2,1,7000,2500,3,1,8900,800,-5,1,9800,800,-6
BAC,1,1,200,200,6,1,700,200,-11,1,900,400,-10,1,1340,400,-2,1,3500,1000,-11,1,3800,600,-6,1,5500,1000,-1,1,7000,2500,2,1,8900,800,-6,1,9800,800,-7
BAD,1,1,200,200,5,1,700,200,-12,1,900,400,-11,1,1340,400,-2,1,3500,1000,-11,1,3800,600,-6,1,5500,1000,-1,1,7000,2500,1,1,8900,800,-7,1,9800,800,-8
BAE,1,1,200,200,5,1,700,200,-13,1,900,400,-12,1,1340,400,-2,1,3500,1000,-12,1,3800,600,-6,1,5500,1000,-2,0,7150,2000,1,1,8900,800,-8,1,9800,800,-9

BBA,1,1,200,200,7,1,700,200,-10,1,900,400,-9,1,1340,400,-1,1,3500,1000,-10,1,3800,600,-5,0,5500,1000,-2,1,7000,2500,3,1,8900,800,-5,1,9800,800,-6
BBB,1,1,200,200,7,1,700,200,-10,1,900,400,-9,1,1340,400,-1,1,3500,1000,-10,1,3800,600,-5,0,5500,1000,-2,1,7000,2500,3,1,8900,800,-5,1,9800,800,-6
BBC,1,1,200,200,6,1,700,200,-11,1,900,400,-10,1,1340,400,-2,1,3500,1000,-11,1,3800,600,-6,1,5500,1000,-1,1,7000,2500,2,1,8900,800,-6,1,9800,800,-7
BBD,1,1,200,200,5,1,700,200,-12,1,900,400,-11,1,1340,400,-2,1,3500,1000,-11,1,3800,600,-6,1,5500,1000,-1,1,7000,2500,1,1,8900,800,-7,1,9800,800,-8
BBE,1,1,200,200,5,1,700,200,-13,1,900,400,-12,1,1340,400,-2,1,3500,1000,-12,1,3800,600,-6,1,5500,1000,-2,0,7150,2000,1,1,8900,800,-8,1,9800,800,-9

BCA,1,1,200,200,7,1,700,200,-10,1,900,400,-9,1,1340,400,-1,1,3500,1000,-10,1,3800,600,-5,0,5500,1000,-2,1,7000,2500,3,1,8900,800,-5,1,9800,800,-6
BCB,1,1,200,200,7,1,700,200,-10,1,900,400,-9,1,1340,400,-1,1,3500,1000,-10,1,3800,600,-5,0,5500,1000,-2,1,7000,2500,3,1,8900,800,-5,1,9800,800,-6
BCC,1,1,200,200,6,1,700,200,-11,1,900,400,-10,1,1340,400,-2,1,3500,1000,-11,1,3800,600,-6,1,5500,1000,-1,1,7000,2500,2,1,8900,800,-6,1,9800,800,-7
BCD,1,1,200,200,5,1,700,200,-12,1,900,400,-11,1,1340,400,-2,1,3500,1000,-11,1,3800,600,-6,1,5500,1000,-1,1,7000,2500,1,1,8900,800,-7,1,9800,800,-8
BCE,1,1,200,200,5,1,700,200,-13,1,900,400,-12,1,1340,400,-2,1,3500,1000,-12,1,3800,600,-6,1,5500,1000,-2,0,7150,2000,1,1,8900,800,-8,1,9800,800,-9

CF,1,7,6,3,3,2,0,0,-2,-10,-12,-13,-13,-7,-7,-6,-6,10,20,25,25,25,25,25,25,150,150,150,150,150,150,150,150,0,10,3,1,10,-1,100,150,0
CFH,1,140,1
CFA,0,0,800,1,0,0,800,1,0,0,800,1,0,0,800,1,0,0,800,1,0,0,800,1,0,0,800,1,0,0,800,1,0,0,800,1,0,0,800,1,0
CL,1,0,0,0,0,0,0,0,0,0,0,0,0,0,0,0,0,0,0,0,0,0,0,0,0,0,0,0,0,0,0,0,0,0,0,0,0,0,0,0,0,0,0,0,0,0,0,0,0,0,0,1,0,0,0,0,0,0,0,0,0,0,0,0,0,0,0,0,0,0,0,0,0,0,0,100
CLH,1,140,1
CLA,0,0,800,1,0,0,800,1,0,0,800,1,0,0,800,1,0,0,800,1,0,0,800,1,0,0,800,1,0,0,800,1,0,0,800,1,0,0,800,1,0
CHA,1,140,1
CHB,1,140,1
CHC,1,140,1
CHD,1,140,1
CHE,1,140,1

CMA,0,0,0,0,0,0,0,0,0,0,0,0,0,0,0,0,0,0,0,0,0,0,0,0,0,0,0,0,0,0,0,0,0,0,0,0,0,0,0,0,0,0,0,0,0,0,0,0,0,0,0,0,0,0,0,0,0,0,0,0,0,0,0,0,0,0,0,0,0,0,0,0,0,0,0,100
CMB,1,1,0,0,0,0,0,0,0,0,0,0,0,0,0,0,0,0,0,0,0,0,0,0,0,0,0,0,0,0,0,0,0,0,0,0,0,0,0,0,0,0,0,0,0,0,0,0,0,0,0,0,1,0,0,0,0,0,0,0,0,0,0,0,0,0,0,0,0,0,0,0,0,0,0,100
CMC,2,1,0,0,0,0,0,0,0,0,0,0,0,0,0,0,0,0,0,0,0,0,0,0,0,0,0,0,0,0,0,0,0,0,0,0,0,0,0,0,0,0,0,0,0,0,0,0,0,0,0,0,1,0,0,0,0,0,0,0,0,0,0,0,0,0,0,0,0,0,0,0,0,0,0,100
CMD,3,1,0,0,0,0,0,0,0,0,0,0,0,0,0,0,0,0,0,0,0,0,0,0,0,0,0,0,0,0,0,0,0,0,0,0,0,0,0,0,0,0,0,0,0,0,0,0,0,0,0,0,1,0,0,0,0,0,0,0,0,0,0,0,0,0,0,0,0,0,0,0,0,0,0,100
CME,4,1,0,0,0,0,0,0,0,0,0,0,0,0,0,0,0,0,0,0,0,0,0,0,0,0,0,0,0,0,0,0,0,0,0,0,0,0,0,0,0,0,0,0,0,0,0,0,0,0,0,0,1,0,0,0,0,0,0,0,0,0,0,0,0,0,0,0,0,0,0,0,0,0,0,100

CPA,0,1,0,0,0,0,0,0,0,0,0,0,0,0,0,0,0,0,0,0,0,0,0,0,0,0,0,0,0,0,0,0,0,0,0,0,0,0,0,0,0,0,0,0,0,0,0,0,0,0,0,0,1,0,0,0,0,0,0,0,0,0,0,0,0,0,0,0,0,0,0,0,0,0,0,100
CPB,1,1,0,0,0,0,0,0,0,0,0,0,0,0,0,0,0,0,0,0,0,0,0,0,0,0,0,0,0,0,0,0,0,0,0,0,0,0,0,0,0,0,0,0,0,0,0,0,0,0,0,0,1,0,0,0,0,0,0,0,0,0,0,0,0,0,0,0,0,0,0,0,0,0,0,100
CPC,2,1,0,0,0,0,0,0,0,0,0,0,0,0,0,0,0,0,0,0,0,0,0,0,0,0,0,0,0,0,0,0,0,0,0,0,0,0,0,0,0,0,0,0,0,0,0,0,0,0,0,0,1,0,0,0,0,0,0,0,0,0,0,0,0,0,0,0,0,0,0,0,0,0,0,100
CPD,3,1,0,0,0,0,0,0,0,0,0,0,0,0,0,0,0,0,0,0,0,0,0,0,0,0,0,0,0,0,0,0,0,0,0,0,0,0,0,0,0,0,0,0,0,0,0,0,0,0,0,0,1,0,0,0,0,0,0,0,0,0,0,0,0,0,0,0,0,0,0,0,0,0,0,100
CPE,4,1,0,0,0,0,0,0,0,0,0,0,0,0,0,0,0,0,0,0,0,0,0,0,0,0,0,0,0,0,0,0,0,0,0,0,0,0,0,0,0,0,0,0,0,0,0,0,0,0,0,0,1,0,0,0,0,0,0,0,0,0,0,0,0,0,0,0,0,0,0,0,0,0,0,100

CVA,0,1,0,0,0,0,0,0,0,0,0,0,0,0,0,0,0,0,0,0,0,0,0,0,0,0,0,0,0,0,0,0,0,0,0,0,0,0,0,0,0,0,0,0,0,0,0,0,0,0,0,0,1,0,0,0,0,0,0,0,0,0,0,0,0,0,0,0,0,0,0,0,0,0,0,100
CVB,1,1,0,0,0,0,0,0,0,0,0,0,0,0,0,0,0,0,0,0,0,0,0,0,0,0,0,0,0,0,0,0,0,0,0,0,0,0,0,0,0,0,0,0,0,0,0,0,0,0,0,0,1,0,0,0,0,0,0,0,0,0,0,0,0,0,0,0,0,0,0,0,0,0,0,100
CVC,2,1,0,0,0,0,0,0,0,0,0,0,0,0,0,0,0,0,0,0,0,0,0,0,0,0,0,0,0,0,0,0,0,0,0,0,0,0,0,0,0,0,0,0,0,0,0,0,0,0,0,0,1,0,0,0,0,0,0,0,0,0,0,0,0,0,0,0,0,0,0,0,0,0,0,100
CVD,3,1,0,0,0,0,0,0,0,0,0,0,0,0,0,0,0,0,0,0,0,0,0,0,0,0,0,0,0,0,0,0,0,0,0,0,0,0,0,0,0,0,0,0,0,0,0,0,0,0,0,0,1,0,0,0,0,0,0,0,0,0,0,0,0,0,0,0,0,0,0,0,0,0,0,100
CVE,4,1,0,0,0,0,0,0,0,0,0,0,0,0,0,0,0,0,0,0,0,0,0,0,0,0,0,0,0,0,0,0,0,0,0,0,0,0,0,0,0,0,0,0,0,0,0,0,0,0,0,0,1,0,0,0,0,0,0,0,0,0,0,0,0,0,0,0,0,0,0,0,0,0,0,100

CAA,0,0,800,200,0,0,800,200,0,0,800,200,0,0,800,200,0,0,800,200,0,0,800,200,0,0,800,200,0,0,800,200,0,0,800,200,0,0,800,200,0
CAB,0,0,800,200,0,0,800,200,0,0,800,200,0,0,800,200,0,0,800,200,0,0,800,200,0,0,800,200,0,0,800,200,0,0,800,200,0,0,800,200,0
CAC,0,0,800,200,0,0,800,200,0,0,800,200,0,0,800,200,0,0,800,200,0,0,800,200,0,0,800,200,0,0,800,200,0,0,800,200,0,0,800,200,0
CAD,0,0,800,200,0,0,800,200,0,0,800,200,0,0,800,200,0,0,800,200,0,0,800,200,0,0,800,200,0,0,800,200,0,0,800,200,0,0,800,200,0
CAE,0,0,800,200,0,0,800,200,0,0,800,200,0,0,800,200,0,0,800,200,0,0,800,200,0,0,800,200,0,0,800,200,0,0,800,200,0,0,800,200,0

CBA,0,0,800,200,0,0,800,200,0,0,800,200,0,0,800,200,0,0,800,200,0,0,800,200,0,0,800,200,0,0,800,200,0,0,800,200,0,0,800,200,0
CBB,0,0,800,200,0,0,800,200,0,0,800,200,0,0,800,200,0,0,800,200,0,0,800,200,0,0,800,200,0,0,800,200,0,0,800,200,0,0,800,200,0
CBC,0,0,800,200,0,0,800,200,0,0,800,200,0,0,800,200,0,0,800,200,0,0,800,200,0,0,800,200,0,0,800,200,0,0,800,200,0,0,800,200,0
CBD,0,0,800,200,0,0,800,200,0,0,800,200,0,0,800,200,0,0,800,200,0,0,800,200,0,0,800,200,0,0,800,200,0,0,800,200,0,0,800,200,0
CBE,0,0,800,200,0,0,800,200,0,0,800,200,0,0,800,200,0,0,800,200,0,0,800,200,0,0,800,200,0,0,800,200,0,0,800,200,0,0,800,200,0

CCA,0,0,800,200,0,0,800,200,0,0,800,200,0,0,800,200,0,0,800,200,0,0,800,200,0,0,800,200,0,0,800,200,0,0,800,200,0,0,800,200,0
CCB,0,0,800,200,0,0,800,200,0,0,800,200,0,0,800,200,0,0,800,200,0,0,800,200,0,0,800,200,0,0,800,200,0,0,800,200,0,0,800,200,0
CCC,0,0,800,200,0,0,800,200,0,0,800,200,0,0,800,200,0,0,800,200,0,0,800,200,0,0,800,200,0,0,800,200,0,0,800,200,0,0,800,200,0
CCD,0,0,800,200,0,0,800,200,0,0,800,200,0,0,800,200,0,0,800,200,0,0,800,200,0,0,800,200,0,0,800,200,0,0,800,200,0,0,800,200,0
CCE,0,0,800,200,0,0,800,200,0,0,800,200,0,0,800,200,0,0,800,200,0,0,800,200,0,0,800,200,0,0,800,200,0,0,800,200,0,0,800,200,0

DF,1,7,6,3,3,2,0,0,-2,-10,-12,-13,-13,-7,-7,-6,-6,10,20,25,25,25,25,25,25,150,150,150,150,150,150,150,150,0,10,3,1,10,-1,100,150,0
DFH,1,140,1
DFA,0,0,800,1,0,0,800,1,0,0,800,1,0,0,800,1,0,0,800,1,0,0,800,1,0,0,800,1,0,0,800,1,0,0,800,1,0,0,800,1,0
DL,1,0,0,0,0,0,0,0,0,0,0,0,0,0,0,0,0,0,0,0,0,0,0,0,0,0,0,0,0,0,0,0,0,0,0,0,0,0,0,0,0,0,0,0,0,0,0,0,0,0,0,1,0,0,0,0,0,0,0,0,0,0,0,0,0,0,0,0,0,0,0,0,0,0,0,100
DLH,1,140,1
DLA,0,0,800,1,0,0,800,1,0,0,800,1,0,0,800,1,0,0,800,1,0,0,800,1,0,0,800,1,0,0,800,1,0,0,800,1,0,0,800,1,0
DHA,1,140,1
DHB,1,140,1
DHC,1,140,1
DHD,1,140,1
DHE,1,140,1

DMA,0,0,0,0,0,0,0,0,0,0,0,0,0,0,0,0,0,0,0,0,0,0,0,0,0,0,0,0,0,0,0,0,0,0,0,0,0,0,0,0,0,0,0,0,0,0,0,0,0,0,0,0,0,0,0,0,0,0,0,0,0,0,0,0,0,0,0,0,0,0,0,0,0,0,0,100
DMB,1,1,0,0,0,0,0,0,0,0,0,0,0,0,0,0,0,0,0,0,0,0,0,0,0,0,0,0,0,0,0,0,0,0,0,0,0,0,0,0,0,0,0,0,0,0,0,0,0,0,0,0,1,0,0,0,0,0,0,0,0,0,0,0,0,0,0,0,0,0,0,0,0,0,0,100
DMC,2,1,0,0,0,0,0,0,0,0,0,0,0,0,0,0,0,0,0,0,0,0,0,0,0,0,0,0,0,0,0,0,0,0,0,0,0,0,0,0,0,0,0,0,0,0,0,0,0,0,0,0,1,0,0,0,0,0,0,0,0,0,0,0,0,0,0,0,0,0,0,0,0,0,0,100
DMD,3,1,0,0,0,0,0,0,0,0,0,0,0,0,0,0,0,0,0,0,0,0,0,0,0,0,0,0,0,0,0,0,0,0,0,0,0,0,0,0,0,0,0,0,0,0,0,0,0,0,0,0,1,0,0,0,0,0,0,0,0,0,0,0,0,0,0,0,0,0,0,0,0,0,0,100
DME,4,1,0,0,0,0,0,0,0,0,0,0,0,0,0,0,0,0,0,0,0,0,0,0,0,0,0,0,0,0,0,0,0,0,0,0,0,0,0,0,0,0,0,0,0,0,0,0,0,0,0,0,1,0,0,0,0,0,0,0,0,0,0,0,0,0,0,0,0,0,0,0,0,0,0,100

DPA,0,1,0,0,0,0,0,0,0,0,0,0,0,0,0,0,0,0,0,0,0,0,0,0,0,0,0,0,0,0,0,0,0,0,0,0,0,0,0,0,0,0,0,0,0,0,0,0,0,0,0,0,1,0,0,0,0,0,0,0,0,0,0,0,0,0,0,0,0,0,0,0,0,0,0,100
DPB,1,1,0,0,0,0,0,0,0,0,0,0,0,0,0,0,0,0,0,0,0,0,0,0,0,0,0,0,0,0,0,0,0,0,0,0,0,0,0,0,0,0,0,0,0,0,0,0,0,0,0,0,1,0,0,0,0,0,0,0,0,0,0,0,0,0,0,0,0,0,0,0,0,0,0,100
DPC,2,1,0,0,0,0,0,0,0,0,0,0,0,0,0,0,0,0,0,0,0,0,0,0,0,0,0,0,0,0,0,0,0,0,0,0,0,0,0,0,0,0,0,0,0,0,0,0,0,0,0,0,1,0,0,0,0,0,0,0,0,0,0,0,0,0,0,0,0,0,0,0,0,0,0,100
DPD,3,1,0,0,0,0,0,0,0,0,0,0,0,0,0,0,0,0,0,0,0,0,0,0,0,0,0,0,0,0,0,0,0,0,0,0,0,0,0,0,0,0,0,0,0,0,0,0,0,0,0,0,1,0,0,0,0,0,0,0,0,0,0,0,0,0,0,0,0,0,0,0,0,0,0,100
DPE,4,1,0,0,0,0,0,0,0,0,0,0,0,0,0,0,0,0,0,0,0,0,0,0,0,0,0,0,0,0,0,0,0,0,0,0,0,0,0,0,0,0,0,0,0,0,0,0,0,0,0,0,1,0,0,0,0,0,0,0,0,0,0,0,0,0,0,0,0,0,0,0,0,0,0,100

DVA,0,1,0,0,0,0,0,0,0,0,0,0,0,0,0,0,0,0,0,0,0,0,0,0,0,0,0,0,0,0,0,0,0,0,0,0,0,0,0,0,0,0,0,0,0,0,0,0,0,0,0,0,1,0,0,0,0,0,0,0,0,0,0,0,0,0,0,0,0,0,0,0,0,0,0,100
DVB,1,1,0,0,0,0,0,0,0,0,0,0,0,0,0,0,0,0,0,0,0,0,0,0,0,0,0,0,0,0,0,0,0,0,0,0,0,0,0,0,0,0,0,0,0,0,0,0,0,0,0,0,1,0,0,0,0,0,0,0,0,0,0,0,0,0,0,0,0,0,0,0,0,0,0,100
DVC,2,1,0,0,0,0,0,0,0,0,0,0,0,0,0,0,0,0,0,0,0,0,0,0,0,0,0,0,0,0,0,0,0,0,0,0,0,0,0,0,0,0,0,0,0,0,0,0,0,0,0,0,1,0,0,0,0,0,0,0,0,0,0,0,0,0,0,0,0,0,0,0,0,0,0,100
DVD,3,1,0,0,0,0,0,0,0,0,0,0,0,0,0,0,0,0,0,0,0,0,0,0,0,0,0,0,0,0,0,0,0,0,0,0,0,0,0,0,0,0,0,0,0,0,0,0,0,0,0,0,1,0,0,0,0,0,0,0,0,0,0,0,0,0,0,0,0,0,0,0,0,0,0,100
DVE,4,1,0,0,0,0,0,0,0,0,0,0,0,0,0,0,0,0,0,0,0,0,0,0,0,0,0,0,0,0,0,0,0,0,0,0,0,0,0,0,0,0,0,0,0,0,0,0,0,0,0,0,1,0,0,0,0,0,0,0,0,0,0,0,0,0,0,0,0,0,0,0,0,0,0,100

DAA,0,0,800,200,0,0,800,200,0,0,800,200,0,0,800,200,0,0,800,200,0,0,800,200,0,0,800,200,0,0,800,200,0,0,800,200,0,0,800,200,0
DAB,0,0,800,200,0,0,800,200,0,0,800,200,0,0,800,200,0,0,800,200,0,0,800,200,0,0,800,200,0,0,800,200,0,0,800,200,0,0,800,200,0
DAC,0,0,800,200,0,0,800,200,0,0,800,200,0,0,800,200,0,0,800,200,0,0,800,200,0,0,800,200,0,0,800,200,0,0,800,200,0,0,800,200,0
DAD,0,0,800,200,0,0,800,200,0,0,800,200,0,0,800,200,0,0,800,200,0,0,800,200,0,0,800,200,0,0,800,200,0,0,800,200,0,0,800,200,0
DAE,0,0,800,200,0,0,800,200,0,0,800,200,0,0,800,200,0,0,800,200,0,0,800,200,0,0,800,200,0,0,800,200,0,0,800,200,0,0,800,200,0

DBA,0,0,800,200,0,0,800,200,0,0,800,200,0,0,800,200,0,0,800,200,0,0,800,200,0,0,800,200,0,0,800,200,0,0,800,200,0,0,800,200,0
DBB,0,0,800,200,0,0,800,200,0,0,800,200,0,0,800,200,0,0,800,200,0,0,800,200,0,0,800,200,0,0,800,200,0,0,800,200,0,0,800,200,0
DBC,0,0,800,200,0,0,800,200,0,0,800,200,0,0,800,200,0,0,800,200,0,0,800,200,0,0,800,200,0,0,800,200,0,0,800,200,0,0,800,200,0
DBD,0,0,800,200,0,0,800,200,0,0,800,200,0,0,800,200,0,0,800,200,0,0,800,200,0,0,800,200,0,0,800,200,0,0,800,200,0,0,800,200,0
DBE,0,0,800,200,0,0,800,200,0,0,800,200,0,0,800,200,0,0,800,200,0,0,800,200,0,0,800,200,0,0,800,200,0,0,800,200,0,0,800,200,0

DCA,0,0,800,200,0,0,800,200,0,0,800,200,0,0,800,200,0,0,800,200,0,0,800,200,0,0,800,200,0,0,800,200,0,0,800,200,0,0,800,200,0
DCB,0,0,800,200,0,0,800,200,0,0,800,200,0,0,800,200,0,0,800,200,0,0,800,200,0,0,800,200,0,0,800,200,0,0,800,200,0,0,800,200,0
DCC,0,0,800,200,0,0,800,200,0,0,800,200,0,0,800,200,0,0,800,200,0,0,800,200,0,0,800,200,0,0,800,200,0,0,800,200,0,0,800,200,0
DCD,0,0,800,200,0,0,800,200,0,0,800,200,0,0,800,200,0,0,800,200,0,0,800,200,0,0,800,200,0,0,800,200,0,0,800,200,0,0,800,200,0
DCE,0,0,800,200,0,0,800,200,0,0,800,200,0,0,800,200,0,0,800,200,0,0,800,200,0,0,800,200,0,0,800,200,0,0,800,200,0,0,800,200,0

